0.00026460
0.57966721
0.69663591
0.88397943
0.35855220
0.04457913
0.42517624
0.07485684
0.16898532
0.09000601
0.12227730
0.16412170
0.58073300
0.25455411
0.39736757
0.11293876
0.81831747
0.46687728
0.44522167
0.88715081
0.29710835
0.90369936
0.75461010
0.75245129
0.68939419
0.41379348
0.38073350
0.19971361
0.71939509
0.78425972
0.42786316
0.01923418
0.77911006
0.73042079
0.79987932
0.69234260
0.91525401
0.24634014
0.48673144
0.18910418
0.34597844
0.49885309
0.41404783
0.95731842
0.50571951
0.35312267
0.57445032
0.40188558
0.40705595
0.82949928
0.56930949
0.85861626
0.68140875
0.75118967
0.67081923
0.24096846
0.33521654
0.26750987
0.68276340
0.11905367
0.51917826
0.38443790
0.08754669
0.45446744
0.65551529
0.65851523
0.39120791
0.96997230
0.72939339
0.61451170
0.47033225
0.38867101
0.31336089
0.31732608
0.51184506
0.07893839
0.82322175
0.21028904
0.53180811
0.16200736
0.03438692
0.59239149
0.93759914
0.10771026
0.56907768
0.31120823
0.10996192
0.13283625
0.93922213
0.21425739
0.22278748
0.34110020
0.52165283
0.03687951
0.60799106
0.28285819
0.51079746
0.20894713
0.75961639
0.70504723
0.70842667
0.56184949
0.79399933
0.49336167
0.20472688
0.51622241
0.56674646
0.56880080
0.20099473
0.49162393
0.70229203
0.02719014
0.18772633
0.88178150
0.39559772
0.57535458
0.21664039
0.63058837
0.36492868
0.99447696
0.96253019
0.11355086
0.55045617
0.02613377
0.38126484
0.15976729
0.92364525
0.98587409
0.10479117
0.07054685
0.06952967
0.32660616
0.66508350
0.37560899
0.14412255
0.32853843
0.39531372
0.74220301
0.62430120
0.72496397
0.76865458
0.83556242
0.61617953
0.38918100
0.21535806
0.39305755
0.15001872
0.58562592
0.75992191
0.23385646
0.32549364
0.34860468
0.90555485
0.38975008
0.55492884
0.49387138
0.86259230
0.34199499
0.88505302
0.23760677
0.24527997
0.78795994
0.57408212
0.23226999
0.09767381
0.76651848
0.35260909
0.48323151
0.70816255
0.10815906
0.47297963
0.60938326
0.43607953
0.55979439
0.99142566
0.51057795
0.09458895
0.41726224
0.67390403
0.17562959
0.64313124
0.62729046
0.00384556
0.56109607
0.89857473
0.83953057
0.17410249
0.11539233
0.72813667
0.97768379
0.30378070
0.77368297
0.81992636
0.25404148
0.55083870
0.80960564
0.63662521
0.85465080
0.48542421
0.34156788
0.42653134
0.85490717
0.90676613
0.89511520
0.56050597
0.50416767
0.88782278
0.53903369
0.61066442
0.66534036
0.95414691
0.58867718
0.71227084
0.24599196
0.70862660
0.94937787
0.66697576
0.93560915
0.76144084
0.51148042
0.28763941
0.63884533
0.14729489
0.26511008
0.53518828
0.07799513
0.29826741
0.13539892
0.72708840
0.67134450
0.51804340
0.30911169
0.74534602
0.42454496
0.24369273
0.51521431
0.06231131
0.52686955
0.00565343
0.99803896
0.24845146
0.86894079
0.49521382
0.58789748
0.79114259
0.37115777
0.14307273
0.02171898
0.67348737
0.21558973
0.94132200
0.57887433
0.46740612
0.59863557
0.19030082
0.24822739
0.28942815
0.79908648
0.45623846
0.56741724
0.32979939
0.28308414
0.08847896
0.52800299
0.12588893
0.93640006
0.74296539
0.88691757
0.84537286
0.33225134
0.13821944
0.60709705
0.73079935
0.02035566
0.44674786
0.09525975
0.68409568
0.84192933
0.27947341
0.56357401
0.52480629
0.87215012
0.81319296
0.37597833
0.61638372
0.30826055
0.62314214
0.48593780
0.74918916
0.74455198
0.66161610
0.27122419
0.90857768
0.23074337
0.62572117
0.87029645
0.62869162
0.72586632
0.58329465
0.11226700
0.08026258
0.04896660
0.10363116
0.84372032
0.41700589
0.22219708
0.61963968
0.27698172
0.98187304
0.04525068
0.88860538
0.95753760
0.99087375
0.23283918
0.01086107
0.56403800
0.43316024
0.05052041
0.63931225
0.80101373
0.56429458
0.97861523
0.74500065
0.25740899
0.58894634
0.60589728
0.58738510
0.67800222
0.41661176
0.50707326
0.51686889
0.73579788
0.22356268
0.17012621
0.89243199
0.59655815
0.42627711
0.30758880
0.35338450
0.02896481
0.83092130
0.54090359
0.56079121
0.60485542
0.71518134
0.73964098
0.91820385
0.73706707
0.13668128
0.49931535
0.81569553
0.93707087
0.48345451
0.59377004
0.69958146
0.38251027
0.02218571
0.26885280
0.89299385
0.51365501
0.22458233
0.47694609
0.17646031
0.06851097
0.00793752
0.38708526
0.91049281
0.29610405
0.47554391
0.83719069
0.94784935
0.19861275
0.89742591
0.72633037
0.49183548
0.80893484
0.40247397
0.63193051
0.09071902
0.38895625
0.29685255
0.02102741
0.71751827
0.38840716
0.76705138
0.88835067
0.37994759
0.31249033
0.85093883
0.34786756
0.60567110
0.00872513
0.12413350
0.53484205
0.85164821
0.55944900
0.81453552
0.16434801
0.00317353
0.95112314
0.53109124
0.27788725
0.85187967
0.10688957
0.38604531
0.78269672
0.35555891
0.96907471
0.91866695
0.32828230
0.94272366
0.04821390
0.49069678
0.88423435
0.81126418
0.72362057
0.55694773
0.28472537
0.12565747
0.48368811
0.04840480
0.00490561
0.51416449
0.36877286
0.31143194
0.53227848
0.56383071
0.07123789
0.42607891
0.19679357
0.23257530
0.58842250
0.13358213
0.54955954
0.34040763
0.65918720
0.63219297
0.51312718
0.81939841
0.66288750
0.36975281
0.73740856
0.06138607
0.84162402
0.78186680
0.46213702
0.31522830
0.95246517
0.80333256
0.85216090
0.40433018
0.01243182
0.34994748
0.67774743
0.99514774
0.20155660
0.39889508
0.90465047
0.19657796
0.27864442
0.96630462
0.70304250
0.47721656
0.32012482
0.43927821
0.57716119
0.58443018
0.93654310
0.57607357
0.29557115
0.75224848
0.79936318
0.03154329
0.94041679
0.77205444
0.74604809
0.06423628
0.37353154
0.07101358
0.97446538
0.50084943
0.85068464
0.80238013
0.16155970
0.87682669
0.26582558
0.51371582
0.71432159
0.60964763
0.98352011
0.23864867
0.12308380
0.84959693
0.07567516
0.02358884
0.74873595
0.03009895
0.70188317
0.74944372
0.16796711
0.10560746
0.65287084
0.70047905
0.18933814
0.80064552
0.80423634
0.54570676
0.68299498
0.53954105
0.21384281
0.50059487
0.30327452
0.49704671
0.79332733
0.73336250
0.31012992
0.93497804
0.64825576
0.71611421
0.92500849
0.13411741
0.20900791
0.30404316
0.32209824
0.38940492
0.63776619
0.83901693
0.76629409
0.80519910
0.78863075
0.33994090
0.25186709
0.44721560
0.94080848
0.48649942
0.64081098
0.91706372
0.61707569
0.19612279
0.99406960
0.92844467
0.28637588
0.71993555
0.44499751
0.46669395
0.99355995
0.01984684
0.60504456
0.79603841
0.86188475
0.47960757
0.28987689
0.14127803
0.65392817
0.88584709
0.97318426
0.27256759
0.63589670
0.64876310
0.11611395
0.77624665
0.60821688
0.85956508
0.18977573
0.84060615
0.60052750
0.74640561
0.84965771
0.61322876
0.87501654
0.41122920
0.16853974
0.68024871
0.02240951
0.81528620
0.33907352
0.37967855
0.38556158
0.44312538
0.25764233
0.01025761
0.16129581
0.45340963
0.96233547
0.38205867
0.92614484
0.59167983
0.59032635
0.18044693
0.20606927
0.80648121
0.04716313
0.17202821
0.16808714
0.27586209
0.83629584
0.63748210
0.98246219
0.42401623
0.83924145
0.31370214
0.48619438
0.17065130
0.04999246
0.29327141
0.11970338
0.89039626
0.34292072
0.69931901
0.95912365
0.71867832
0.65087799
0.74733240
0.53160747
0.33457017
0.41090314
0.02511785
0.02544100
0.11434370
0.28558184
0.49116352
0.04258805
0.10944935
0.79192620
0.14006053
0.27095103
0.57921937
0.35517271
0.19494085
0.15744864
0.64902737
0.38047167
0.65340421
0.04096971
0.16615720
0.21195049
0.06062327
0.67058709
0.66340698
0.90439577
0.64929194
0.95708506
0.08233288
0.90699032
0.44243365
0.23895136
0.38814306
0.72073801
0.51012546
0.93964918
0.72452447
0.87109995
0.50673189
0.66056735
0.08195051
0.13187262
0.69580227
0.80870138
0.95089109
0.07642422
0.95881876
0.22010330
0.25230497
0.41299944
0.64267864
0.28192484
0.82555920
0.98497602
0.29406545
0.85677667
0.59761559
0.23712496
0.53083510
0.82529543
0.40726390
0.97292165
0.22305005
0.76256217
0.21822650
0.91889325
0.75169938
0.26173290
0.93011134
0.14972486
0.91095966
0.63854002
0.66441177
0.64780804
0.37465481
0.24765814
0.31959693
0.59690351
0.25163336
0.89882905
0.25998546
0.62022783
0.99911713
0.88154945
0.94190918
0.12934560
0.83291289
0.97906772
0.33597556
0.57150766
0.89553365
0.21220711
0.60888769
0.10151882
0.29531025
0.73554091
0.67722265
0.60101122
0.02432381
0.76345988
0.39956610
0.13437617
0.28660162
0.17249512
0.76461603
0.58284335
0.64678779
0.05659718
0.96185938
0.84718305
0.96836696
0.42891202
0.33387469
0.05531581
0.20235042
0.64033000
0.61174750
0.34838013
0.45201687
0.81860461
0.42290741
0.14703807
0.84270197
0.23176016
0.94425994
0.09206123
0.16308645
0.83975497
0.72248715
0.68696410
0.34441112
0.63091181
0.27607889
0.66711900
0.76097685
0.41519570
0.60170565
0.81274035
0.53506850
0.30616092
0.23997066
0.19838141
0.44471202
0.04550854
0.62360524
0.58148629
0.42335519
0.80124540
0.01587759
0.28442742
0.36310035
0.10228908
0.61591567
0.96783901
0.52134799
0.52665821
0.49093170
0.61917288
0.68094470
0.16003162
0.46901048
0.30548892
0.97118961
0.28816653
0.10408377
0.24713418
0.72429232
0.29451693
0.20287450
0.29428916
0.30933612
0.16668598
0.87097557
0.86009005
0.84446753
0.01797746
0.91492783
0.07170593
0.82906938
0.15844927
0.75487470
0.33114171
0.00846243
0.54544302
0.22945903
0.21987771
0.83181948
0.85908413
0.27653406
0.07773080
0.84470089
0.56639446
0.34542935
0.93785334
0.56237743
0.14052822
0.67930880
0.28095086
0.16174359
0.61194641
0.14819736
0.07144205
0.25135744
0.60459296
0.13847436
0.05883262
0.03617965
0.90421288
0.16241472
0.07439380
0.76551421
0.76808926
0.42494290
0.52851490
0.59796358
0.95811246
0.26769276
0.13052994
0.97050019
0.32036806
0.30852500
0.04643534
0.80543235
0.36533580
0.89576571
0.63363872
0.16294357
0.98317496
0.06377223
0.71542174
0.75595373
0.54275598
0.17762058
0.82996709
0.47272338
0.03280039
0.86700938
0.42582456
0.64849865
0.53852398
0.45676628
0.47644638
0.53037111
0.23432432
0.73403450
0.54135101
0.57945151
0.80678610
0.51442146
0.78910757
0.99189353
0.41429323
0.79536664
0.09895592
0.00701669
0.13001641
0.06556041
0.50647695
0.24023252
0.65106287
0.76388732
0.91372748
0.76731136
0.62386707
0.00282817
0.86803784
0.18484610
0.37442961
0.26455245
0.18817882
0.03525238
0.71457252
0.87815753
0.60245702
0.67506336
0.91026841
0.87366345
0.79656254
0.20358806
0.66180915
0.22536858
0.53671157
0.66737514
0.33853823
0.84419208
0.46980431
0.54598737
0.51397267
0.13563289
0.18077700
0.09978488
0.40164232
0.08172430
0.70958653
0.00181030
0.17693258
0.65880647
0.09754945
0.60030346
0.16969883
0.42122756
0.49488774
0.73356669
0.38354258
0.28120721
0.73848097
0.18356693
0.78021591
0.28711063
0.29372384
0.96140689
0.18888661
0.14180330
0.11831212
0.96960344
0.01403640
0.52980913
0.51102877
0.62928194
0.43799610
0.33669283
0.93190580
0.51850650
0.65472149
0.42732442
0.12174058
0.57491330
0.55608912
0.73289565
0.65573972
0.23805843
0.83765462
0.10199566
0.88066994
0.58680977
0.08105328
0.43881421
0.48234489
0.27427545
0.61044071
0.24302192
0.27374672
0.45703065
0.92818368
0.20924172
0.85035444
0.87554532
0.50775834
0.97092763
0.86572801
0.65996556
0.86340847
0.88527175
0.25019835
0.37194520
0.34569320
0.39236795
0.24074248
0.75668060
0.96162783
0.29891854
0.27222243
0.56056717
0.05741668
0.02051764
0.37142023
0.69051337
0.71816855
0.30526465
0.42570401
0.98272629
0.97230923
0.39279534
0.69535359
0.15523051
0.12802530
0.37530660
0.34463528
0.21054830
0.95696450
0.28326741
0.59773942
0.37945237
0.96412993
0.76229960
0.63953596
0.34927641
0.13334888
0.09684747
0.89627548
0.29119920
0.97701206
0.53207045
0.73871240
0.72893047
0.46060955
0.67108803
0.06633663
0.99010150
0.36136667
0.21638356
0.20720177
0.93452907
0.11270828
0.67826006
0.08777064
0.87577699
0.08437172
0.29235921
0.24969673
0.95009729
0.83743094
0.55654065
0.32478612
0.45491528
0.31039404
0.48144016
0.09232603
0.33250780
0.71495489
0.16107257
0.34902689
0.37103394
0.47350460
0.45597320
0.73451553
0.98746020
0.31447146
0.55877605
0.67325340
0.29662801
0.56651477
0.02334572
0.50443835
0.62340409
0.90630309
0.05316779
0.36264876
0.94759748
0.30480167
0.51661410
0.15710724
0.54464510
0.78810298
0.74897001
0.57741554
0.00769274
0.36559981
0.44222970
0.06397430
0.79679600
0.62688118
0.10636770
0.85934023
0.82299794
0.63160047
0.22830443
0.79377994
0.32433363
0.61254035
0.61276477
0.03410667
0.73018719
0.34622132
0.01336518
0.03128718
0.39395466
0.46856542
0.36208296
0.29583516
0.33188312
0.49593613
0.91551599
0.66975714
0.80781303
0.82088234
0.01306299
0.45650270
0.02013114
0.89933781
0.66486039
0.30243856
0.54789338
0.30032494
0.98678942
0.58374631
0.95324169
0.77795098
0.49630053
0.71790621
0.85255069
0.86981648
0.10106723
0.63725767
0.43712935
0.87052779
0.20539849
0.04499597
0.46531234
0.27916837
0.12459750
0.37624043
0.03781528
0.98725240
0.49136780
0.15497547
0.70561731
0.82132988
0.72837051
0.43036544
0.99832402
0.14203547
0.53974354
0.29054769
0.88225712
0.86101542
0.53801356
0.80372282
0.38686098
0.49003788
0.97503297
0.60915035
0.55310361
0.97582680
0.36718853
0.96320182
0.57303373
0.41751554
0.81390059
0.30095539
0.20869209
0.33622991
0.02409760
0.34019534
0.82860265
0.75064110
0.07258099
0.15333810
0.68514597
0.52387867
0.55788405
0.09947999
0.91189540
0.94877793
0.38787933
0.17540508
0.19044770
0.07325176
0.88550545
0.82974138
0.92726849
0.72734263
0.24890389
0.21400101
0.67745259
0.89460638
0.40538715
0.32316571
0.56562453
0.14332946
0.56998146
0.11814977
0.83393254
0.66870744
0.62244523
0.10741739
0.54067987
0.10920827
0.15822547
0.33341064
0.90068145
0.87656987
0.81409006
0.19464648
0.33034887
0.78069772
0.94016175
0.31934058
0.04949539
0.94625378
0.01693444
0.09870121
0.58469829
0.57468380
0.94734054
0.85306421
0.21127948
0.79083776
0.81506061
0.76038483
0.82574691
0.50378895
0.16691169
0.29146294
0.43152474
0.22808075
0.37231782
0.88014580
0.49418689
0.77765210
0.01493446
0.83675894
0.29504613
0.15688284
0.12122807
0.48278278
0.36694375
0.78167074
0.04128546
0.19262191
0.38324204
0.23098764
0.86304384
0.74693069
0.19227651
0.30992617
0.57625646
0.76576906
0.15081246
0.10266741
0.14262030
0.92659745
0.49906100
0.26837909
0.36604854
0.59985097
0.76482031
0.72067719
0.05158096
0.08795399
0.43580760
0.95144063
0.61016014
0.07613916
0.93243083
0.42198121
0.45385831
0.12063196
0.69685780
0.61943498
0.22740875
0.60402574
0.60298800
0.08591593
0.95297863
0.14497481
0.03730647
0.07822708
0.68117682
0.32874909
0.10126424
0.87494482
0.05509684
0.30886932
0.75808410
0.05205706
0.68619173
0.45849847
0.03571923
0.36847085
0.20076294
0.91305548
0.00634493
0.89345689
0.42097131
0.91732642
0.03756320
0.50152024
0.11021624
0.71247288
0.25839851
0.83041260
0.38578094
0.36028850
0.91142771
0.10292424
0.69103732
0.37261621
0.61544894
0.12302293
0.33930700
0.95836717
0.81595724
0.57514690
0.10252062
0.03823422
0.27177376
0.40325105
0.86366279
0.46393171
0.94668988
0.74016887
0.01448501
0.43401625
0.31825383
0.82269290
0.86498469
0.35765545
0.35543526
0.64652569
0.60193199
0.26725493
0.22919494
0.67256105
0.40094973
0.22510660
0.11329627
0.09594178
0.70663506
0.51499817
0.44989884
0.90279450
0.56534428
0.03897533
0.22384289
0.02645970
0.30007784
0.50099235
0.95527671
0.39769377
0.19389307
0.47599473
0.43548994
0.90758425
0.78291614
0.15568323
0.60119831
0.48005904
0.63500198
0.96681315
0.83159306
0.31069935
0.95551041
0.94400524
0.51544589
0.60776827
0.20590731
0.88767966
0.64339307
0.20683351
0.69791787
0.42943597
0.74125563
0.86527922
0.25112359
0.05718299
0.56698162
0.92681684
0.32240308
0.92217967
0.27069636
0.00052890
0.90909019
0.82684119
0.45124236
0.67698872
0.05369276
0.70478338
0.12985817
0.24029381
0.16039965
0.14658933
0.24611583
0.91014859
0.50878301
0.72995680
0.14255943
0.38510897
0.60074665
0.57176234
0.44196513
0.51570984
0.47528706
0.25865465
0.25367704
0.81476123
0.74401331
0.69765092
0.06714961
0.86034464
0.29800558
0.71405893
0.03303218
0.28737272
0.87238203
0.26673080
0.82065812
0.49815626
0.08252300
0.58178281
0.06540221
0.67533952
0.58533349
0.74348536
0.35210242
0.76018397
0.68644843
0.87898576
0.73221386
0.73474711
0.40892225
0.88610129
0.42687294
0.96704521
0.25205002
0.99168809
0.08911403
0.66553117
0.53365775
0.96604789
0.15477790
0.78314819
0.70214527
0.17087716
0.59633444
0.97371572
0.98792413
0.71965134
0.36181922
0.87449335
0.90089333
0.61221042
0.69368474
0.62543854
0.63312603
0.75409753
0.15665481
0.39001453
0.10319143
0.79774296
0.24460797
0.04795696
0.91399169
0.31267676
0.17925236
0.88655288
0.52340185
0.14153453
0.19926118
0.31470327
0.10716078
0.11738485
0.66265356
0.79219146
0.05689178
0.92960397
0.54978516
0.76272425
0.10386307
0.26408554
0.84604447
0.85421095
0.77115864
0.30276200
0.59186277
0.09662421
0.78212329
0.88347706
0.88629856
0.06873656
0.58760264
0.81760777
0.04434916
0.06261314
0.44855829
0.72867540
0.88109684
0.10001897
0.94810618
0.65132672
0.34343048
0.35834792
0.14897141
0.76757545
0.04615506
0.69897293
0.23626349
0.45544441
0.33085774
0.18508793
0.13680541
0.13386271
0.63239451
0.99810021
0.68837727
0.22061307
0.65693930
0.72683012
0.83987476
0.89604330
0.87074411
0.28240666
0.41592009
0.90170778
0.69510879
0.09843208
0.72225557
0.23330598
0.91598373
0.26487865
0.11485341
0.63137473
0.68004187
0.47417561
0.69256583
0.77742589
0.59264656
0.39214222
0.66315254
0.45268887
0.07960917
0.09106442
0.30801148
0.88807761
0.11564715
0.17972158
0.28173490
0.68568298
0.61660800
0.85374785
0.17896303
0.61782948
0.89063740
0.71074657
0.77160583
0.33702300
0.76504640
0.17229254
0.74760174
0.95618241
0.20451390
0.97253545
0.94108854
0.00128235
0.77321376
0.48065709
0.41988553
0.20657904
0.15160650
0.87392039
0.37326933
0.52454971
0.29345960
0.38470191
0.50800158
0.77345666
0.27153970
0.95065927
0.43481028
0.58020421
0.66235871
0.71121577
0.43525812
0.48514372
0.47747100
0.77182978
0.75833431
0.44355297
0.80601722
0.89319995
0.99856325
0.34575440
0.92116953
0.85805815
0.09128810
0.85444300
0.31664604
0.99938134
0.46008542
0.26352397
0.76295011
0.55840807
0.94454427
0.22989125
0.50548566
0.80473606
0.13027323
0.51827245
0.20310605
0.87188108
0.98983943
0.78478379
0.52029913
0.84093220
0.70689963
0.09259001
0.75577038
0.02078174
0.79468468
0.01006704
0.33431418
0.08568962
0.40459404
0.59099832
0.92090722
0.31171626
0.64465447
0.22242350
0.04207834
0.95603925
0.09790717
0.31395911
0.90652740
0.60146276
0.93164394
0.06582299
0.08516555
0.55922484
0.26905010
0.59478838
0.88481920
0.65904032
0.54925644
0.17181063
0.78608847
0.18798080
0.46034999
0.84013936
0.44149839
0.42479975
0.66418007
0.19414798
0.92870876
0.86393737
0.03947503
0.57676903
0.17461125
0.95777085
0.41328377
0.53829780
0.87713167
0.79563670
0.39663883
0.37583532
0.68945545
0.89962217
0.52928534
0.89763018
0.58098970
0.83324269
0.84349601
0.99471975
0.54185982
0.48798831
0.11380515
0.93831644
0.40353142
0.93875820
0.86870861
0.91655377
0.14390241
0.15924334
0.01877031
0.18667434
0.41148414
0.74707761
0.11112194
0.90601878
0.54486914
0.36578442
0.05436353
0.44381670
0.35232860
0.33982058
0.11690799
0.01283741
0.87781225
0.71658202
0.01744802
0.94528734
0.27351503
0.87736346
0.37420327
0.84321049
0.50968597
0.91910108
0.92633312
0.92052316
0.96439784
0.74989525
0.75887722
0.78373397
0.83065923
0.11764107
0.24131346
0.47112585
0.92523268
0.71167881
0.53062737
0.68593956
0.03807190
0.40956898
0.81098917
0.77294928
0.93520011
0.84831461
0.83859472
0.48836879
0.83130971
0.20054326
0.58351437
0.37650610
0.45876221
0.61428767
0.92191507
0.81703631
0.69708363
0.04282162
0.53274242
0.47236775
0.75621750
0.11949346
0.62179862
0.21174246
0.13596282
0.01190298
0.69207824
0.49284409
0.55185884
0.62045428
0.42045891
0.32805649
0.07587506
0.47984079
0.86841290
0.58783670
0.27019786
0.72285153
0.94645809
0.16062384
0.69488436
0.55212078
0.04179421
0.85140283
0.69421359
0.28379249
0.44432552
0.69738909
0.52083816
0.43129259
0.67978562
0.92588063
0.01216541
0.14564680
0.79879361
0.43376011
0.76995879
0.37809346
0.24664086
0.00105840
0.31866883
0.78654364
0.53591774
0.43420878
0.17831651
0.70070497
0.29942736
0.67594129
0.36002405
0.48910918
0.65648681
0.32293198
0.01821643
0.58947030
0.45175505
0.27326986
0.86750911
0.78088668
0.54860326
0.18843340
0.61479743
0.01844038
0.00980518
0.75757675
0.65517392
0.52293398
0.79885442
0.87758034
0.13703887
0.71145263
0.07693673
0.11644024
0.92168317
0.19951728
0.76937039
0.66101603
0.98536057
0.94692578
0.75641671
0.38391377
0.99541234
0.65619131
0.82927369
0.02287803
0.41249069
0.29780127
0.60754232
0.62822381
0.31799712
0.27723798
0.43446504
0.72563501
0.00475870
0.68327693
0.96387383
0.34086614
0.07003950
0.73105361
0.47621469
0.07671305
0.53775161
0.35018675
0.81786975
0.62206116
0.63406093
0.56483165
0.87988919
0.91757355
0.45804682
0.88132901
0.55468405
0.25344355
0.26930433
0.04738026
0.31575357
0.29288698
0.84115615
0.12723245
0.64802943
0.13754768
0.36956597
0.75039656
0.43084106
0.27631071
0.24483290
0.43984770
0.53134501
0.75688852
0.85702955
0.89114991
0.36440079
0.08661131
0.14751803
0.43196423
0.13143276
0.04318983
0.83578851
0.03846556
0.82018893
0.83370669
0.24739795
0.17599733
0.97344668
0.81890754
0.06488964
0.26698586
0.27520319
0.80397892
0.96649573
0.80916812
0.10876055
0.75090531
0.52712602
0.58239086
0.30141831
0.86656154
0.52235347
0.45971470
0.97790786
0.85012075
0.45420343
0.20182468
0.10453507
0.52505936
0.63906916
0.69458102
0.94349636
0.41916469
0.28218739
0.27811868
0.30642466
0.66033402
0.50243596
0.57649018
0.31415373
0.58125486
0.96881202
0.49720479
0.89985586
0.07461832
0.34224967
0.46471812
0.55672402
0.86143226
0.57223020
0.60007489
0.34250369
0.03968762
0.93542582
0.30197457
0.39441871
0.62221940
0.55900033
0.21971537
0.97548552
0.45036921
0.36797998
0.54021207
0.95042709
0.98111987
0.15183975
0.29632848
0.92907995
0.39069522
0.06607394
0.41043635
0.93292605
0.83265019
0.43263623
0.89191852
0.43753306
0.74431814
0.23917757
0.96570265
0.04231179
0.37835580
0.66904896
0.69561614
0.70251836
0.57252498
0.50916183
0.01538224
0.24438429
0.59429894
0.35812230
0.69640996
0.46156931
0.91254667
0.91073515
0.21512282
0.09473186
0.27970544
0.01616592
0.20335481
0.23842258
0.54650083
0.41860318
0.94169685
0.36627154
0.70612535
0.41962868
0.62706451
0.58046080
0.24202388
0.01667067
0.55129113
0.15613477
0.44265769
0.66136143
0.81658764
0.35470872
0.84908334
0.98396783
0.83450640
0.79751150
0.66790303
0.74243661
0.04576337
0.04592169
0.15055764
0.55538133
0.58917956
0.06044033
0.14075313
0.31198051
0.19306963
0.54159570
0.90835361
0.68537799
0.07217362
0.23644676
0.98138408
0.69817982
0.97477090
0.06085723
0.24924526
0.10747821
0.02261370
0.99215583
0.99380583
0.47576315
0.98085530
0.35158991
0.16457038
0.48463110
0.57229093
0.08687591
0.69394946
0.86235893
0.76528800
0.31549731
0.86962448
0.39454230
0.76120327
0.99290955
0.15771262
0.19634591
0.82495382
0.26966895
0.31919755
0.13233655
0.35391585
0.11201197
0.50355574
0.74560025
0.97186157
0.54767027
0.38149144
0.32900535
0.55287778
0.42838818
0.92319741
0.08142263
0.78699142
0.38103901
0.73638271
0.36771732
0.11789366
0.25429603
0.09922517
0.48860049
0.25277182
0.50391332
0.46553489
0.23304221
0.49256855
0.94375119
0.99675664
0.97820792
0.64646441
0.08489674
0.63431071
0.92297347
0.50288469
0.48118581
0.51476647
0.90346528
0.33317861
0.44906800
0.32105034
0.19586642
0.41452466
0.37488126
0.66802358
0.88878832
0.47855871
0.10792688
0.92749217
0.18100271
0.55442151
0.83015042
0.96349501
0.93135674
0.04344430
0.25615200
0.73264097
0.20208162
0.55724898
0.20405492
0.25717834
0.91446092
0.98000262
0.02963598
0.35578536
0.42358912
0.34954041
0.71200889
0.66644703
0.02829305
0.06747557
0.94319153
0.89425072
0.68050485
0.56972795
0.38623260
0.70510843
0.23035519
0.41353800
0.11585924
0.32368519
0.16361434
0.24316484
0.41942166
0.86072536
0.95856394
0.67281540
0.94826828
0.54672511
0.99726140
0.26278212
0.74828347
0.93381803
0.37508015
0.79832586
0.53004107
0.08874285
0.07541119
0.57197541
0.05462002
0.89832933
0.90778436
0.70584122
0.27404387
0.03175010
0.54834104
0.64197123
0.18441620
0.90217564
0.34876276
0.79139742
0.79445099
0.58970363
0.90532148
0.96734194
0.23573936
0.60989589
0.52772206
0.36287608
0.55582500
0.18741020
0.08410965
0.87007310
0.55362863
0.06820551
0.55340269
0.51979038
0.24996133
0.40375534
0.39147025
0.42268438
0.03490050
0.49653402
0.13936820
0.40659285
0.23779600
0.25814208
0.65739203
0.01269413
0.80449257
0.12436496
0.11154899
0.40751870
0.42755826
0.54418123
0.13078688
0.42223565
0.87629886
0.67466779
0.31312919
0.77089464
0.19285560
0.96278713
0.53693740
0.24505670
0.89448227
0.22779090
0.13890147
0.50262990
0.93475245
0.19361920
0.01962244
0.05665796
0.47509142
0.24572775
0.12911394
0.25532285
0.28495155
0.70431563
0.78717427
0.93030120
0.35369002
0.53432853
0.19823816
0.36163053
0.63674880
0.52877187
0.05250871
0.27759365
0.65154998
0.47901125
0.94963425
0.24554430
0.36649609
0.12746719
0.84854806
0.26091320
0.80986068
0.21333024
0.40864361
0.61732073
0.04972729
0.39978993
0.71098971
0.98059097
0.80622639
0.59558033
0.61860189
0.78631186
0.11457767
0.86521850
0.81216998
0.90886624
0.28049927
0.75711282
0.30864478
0.33772071
0.74617239
0.30429429
0.18228461
0.00899390
0.19745271
0.12617314
0.76166715
0.08821776
0.98419235
0.25694512
0.49412617
0.28405432
0.89786153
0.00339772
0.40273854
0.20952054
0.64623879
0.50730675
0.06330234
0.05486327
0.85728638
0.43859050
0.93408046
0.95459469
0.49233522
0.39838770
0.30270066
0.09435537
0.99494382
0.12039582
0.80753270
0.99777486
0.67186845
0.42242983
0.61148337
0.80191620
0.75735257
0.20258209
0.21694537
0.18282704
0.73197993
0.15816421
0.85537122
0.00237949
0.21309806
0.98818682
0.17330933
0.93345001
0.24051966
0.73991217
0.59302305
0.86445686
0.70003395
0.53646965
0.83603163
0.21617264
0.28839298
0.55761969
0.55106477
0.35606773
0.06517635
0.22079640
0.15452298
0.35976359
0.00746834
0.78886241
0.76323390
0.94599768
0.56324394
0.66825489
0.46830276
0.78449118
0.97627839
0.71377868
0.14550353
0.87974219
0.77999005
0.86677581
0.97423979
0.07938737
0.42017822
0.18415363
0.44753899
0.91843027
0.15950755
0.56511214
0.61571268
0.54338835
0.89273703
0.09027034
0.54358682
0.59505239
0.46445579
0.10498660
0.43286754
0.43826034
0.75910293
0.36242460
0.40211001
0.98562242
0.39863084
0.45291505
0.50006615
0.64491680
0.67415898
0.72099486
0.08963805
0.26114478
0.35629406
0.51871421
0.54224633
0.77250150
0.03056932
0.04103043
0.64518325
0.81363853
0.84934189
0.52823469
0.70457937
0.36671932
0.36130542
0.72178770
0.82427709
0.22592484
0.18865252
0.68811282
0.67234855
0.10344837
0.34518337
0.54992840
0.92984877
0.69606493
0.35696579
0.25480855
0.94477751
0.68260520
0.19996983
0.17308565
0.47881350
0.56158504
0.37168286
0.79727604
0.83649461
0.87471327
0.60351196
0.98932961
0.12642988
0.33828067
0.64361258
0.10047140
0.10176399
0.45737482
0.14232737
0.96465406
0.17035219
0.43779742
0.16770481
0.56024211
0.08380413
0.31687747
0.42069085
0.77976342
0.62979457
0.59610948
0.52188667
0.61361686
0.16387882
0.66462881
0.84780198
0.24249307
0.68234835
0.65362793
0.61758306
0.59716775
0.82834022
0.32933152
0.62796127
0.76973460
0.95580544
0.55257226
0.88295203
0.04050184
0.75859673
0.89809787
0.48439978
0.02692757
0.64226942
0.32780206
0.52749048
0.78320906
0.23480553
0.80356435
0.30569687
0.83527505
0.88041321
0.00921988
0.65199776
0.57071455
0.12769936
0.30223678
0.93990410
0.17626181
0.42710667
0.39046237
0.94849983
0.12334042
0.30118172
0.62905560
0.89168662
0.89220020
0.05024868
0.87290598
0.67557301
0.00679753
0.04693158
0.72044538
0.59889943
0.64383864
0.55416010
0.65764709
0.59123217
0.49861924
0.99063255
0.27838771
0.38761404
0.00653344
0.59531621
0.03994182
0.48091131
0.99646852
0.52619779
0.76763671
0.51738242
0.33165154
0.91627088
0.34390225
0.28603064
0.58213461
0.84882843
0.43555075
0.40607530
0.18124099
0.94216364
0.70889060
0.40404488
0.09729525
0.05383952
0.59826439
0.53750468
0.14640648
0.68998048
0.05846411
0.33137341
0.58715117
0.22638871
0.84743752
0.38873221
0.87346784
0.71564808
0.33549875
0.22126325
0.80940169
0.56131999
0.44698998
0.39352053
0.80806750
0.27441845
0.69162962
0.58815227
0.37080788
0.92704064
0.77703976
0.36824491
0.65234582
0.35901988
0.88994860
0.74785642
0.37764449
0.52364724
0.10431556
0.66847601
0.04390740
0.66078281
0.40682261
0.25096139
0.14027402
0.22464368
0.95988264
0.79352562
0.77884808
0.18203417
0.49442095
0.32594518
0.69342074
0.20498159
0.06351037
0.13770968
0.45240141
0.40915630
0.46366270
0.87135605
0.08539197
0.10663283
0.96372679
0.47669153
0.72377880
0.64012649
0.87604192
0.22195570
0.88475842
0.15266611
0.41633509
0.98853673
0.89716929
0.17806771
0.81149799
0.17715665
0.23734447
0.66674394
0.48390229
0.44036021
0.37787011
0.07190985
0.65971133
0.28682372
0.31627752
0.63379707
0.01949878
0.32456685
0.03384973
0.18177210
0.91783612
0.87951085
0.32727792
0.43633650
0.10613624
0.31092318
0.37880358
0.26557783
0.38171739
0.75141336
0.24950974
0.56211286
0.71723520
0.12380346
0.64697437
0.44778565
0.59278944
0.28576818
0.00542974
0.41837184
0.55389743
0.23533050
0.14471858
0.61685153
0.64965889
0.29757520
0.06205685
0.07235704
0.69977162
0.11405961
0.39185431
0.83244985
0.07077103
0.52211974
0.88200075
0.28147223
0.23410002
0.18574135
0.22172939
0.46134322
0.58306283
0.53455486
0.65177426
0.93269984
0.25508891
0.86168696
0.02381494
0.17102392
0.71048233
0.31986835
0.89089350
0.13120157
0.46803753
0.70329824
0.59399458
0.15409593
0.82706514
0.90578553
0.12148445
0.93729729
0.93613799
0.16540403
0.31780605
0.22714442
0.05768584
0.15643029
0.96757411
0.65717290
0.18146658
0.39582366
0.02806675
0.52006565
0.26224165
0.02590779
0.96093008
0.60425147
0.05554927
0.65490992
0.06924543
0.49546826
0.01131267
0.47215134
0.73938440
0.49771844
0.05820980
0.75271527
0.14100950
0.85829006
0.51263010
0.40982806
0.70025343
0.64107365
0.49465381
0.18625016
0.81435225
0.64723659
0.90147432
0.14684628
0.66950056
0.35415294
0.37676832
0.87921722
0.18394947
0.05589067
0.54253155
0.72310800
0.39913954
0.60656928
0.32689720
0.83834612
0.00724120
0.70773032
0.63522590
0.39019780
0.40121385
0.67879534
0.68491025
0.97955096
0.93426677
0.53417032
0.12482884
0.95392388
0.73426772
0.12086363
0.14844251
0.17489537
0.84562757
0.75554643
0.56721320
0.47324846
0.87841375
0.05614558
0.11923652
0.04411508
0.51712774
0.75198438
0.34677131
0.72762320
0.07402601
0.61888598
0.70929767
0.48696234
0.29965319
0.22435648
0.93158259
0.62295887
0.95223371
0.35061849
0.40798263
0.52267975
0.34723906
0.32421314
0.75525685
0.92937957
0.09710179
0.44176284
0.97208767
0.09498690
0.82812258
0.71273471
0.83696689
0.40141777
0.50218128
0.03103338
0.88371051
0.46291205
0.63986225
0.45363388
0.54108700
0.00079338
0.48778079
0.38277281
0.56947181
0.96296992
0.02672239
0.84651133
0.19567418
0.08888973
0.24226868
0.22966674
0.08207057
0.48568091
0.76205348
0.87267420
0.22105859
0.70281604
0.93090514
0.88923693
0.57118134
0.78141437
0.62092203
0.51210120
0.50122640
0.37854112
0.84219321
0.82785798
0.13306962
0.39095768
0.51780947
0.85651973
0.04919839
0.55814382
0.39710563
0.53339553
0.38738989
0.58510191
0.16479680
0.90804824
0.12828179
0.95484960
0.91572187
0.84243820
0.68435214
0.26534652
0.96040601
0.44546670
0.86553425
0.82880708
0.73811629
0.45083314
0.71304023
0.35108255
0.50310796
0.33748687
0.16943686
0.99878694
0.80038915
0.34972377
0.22616262
0.29914449
0.81966110
0.24157616
0.92576062
0.36930414
0.33003120
0.85981955
0.64429030
0.39610754
0.48413577
0.89401839
0.82389279
0.93806212
0.94984079
0.25788582
0.23510420
0.69301361
0.18651202
0.26605907
0.09338289
0.01775340
0.49361635
0.62521236
0.21267116
0.45059503
0.79038992
0.21920667
0.06645640
0.62842895
0.17858040
0.15241191
0.99588003
0.30966217
0.03077095
0.46239923
0.76891879
0.25589721
0.18718399
0.50752474
0.42547079
0.43736093
0.29199178
0.52640186
0.91321771
0.17511976
0.29733454
0.45016138
0.45105909
0.13642669
0.92074875
0.38488526
0.05346070
0.12514872
0.57581863
0.87426168
0.44833183
0.18334063
0.32753248
0.98374451
0.66206394
0.67902855
0.23125212
0.28352935
0.05225198
0.82601079
0.08052456
0.59735123
0.65944155
0.20975423
0.19157352
0.20129977
0.94715769
0.33498522
0.81296677
0.11180390
0.98520212
0.87162485
0.41020275
0.47926593
0.40426892
0.54903070
0.74851740
0.48211117
0.82159397
0.17998389
0.86124938
0.11667349
0.49838999
0.50496171
0.15126114
0.94900960
0.96547119
0.61990189
0.82246922
0.28531951
0.91348204
0.72146177
0.99329606
0.56814190
0.15897418
0.16219077
0.52902849
0.44406166
0.15205422
0.21489127
0.54744393
0.96015154
0.90013188
0.43660140
0.21241443
0.90330719
0.46875413
0.85280730
0.29213494
0.67006218
0.25560238
0.20382155
0.83476838
0.34491964
0.09639040
0.36078134
0.31441058
0.00256440
0.29032395
0.61335241
0.74058387
0.09551467
0.23153621
0.39791996
0.64758159
0.79511173
0.55151732
0.70162030
0.76179078
0.29300705
0.54202178
0.31896552
0.70907396
0.90937053
0.99561555
0.85600406
0.70981036
0.57842553
0.62154859
0.29266282
0.26249811
0.57331785
0.27992584
0.47259906
0.33573018
0.67482975
0.48978091
0.42966958
0.16271950
0.43683310
0.63290187
0.33364254
0.60272579
0.50627946
0.25636025
0.77858593
0.32139546
0.12279088
0.76064701
0.27736234
0.19798155
0.78501513
0.06773776
0.39480484
0.33879318
0.29873521
0.78936216
0.41225684
0.84511792
0.16335105
0.26024243
0.04153930
0.30298762
0.01515582
0.66764677
0.16585175
0.72609894
0.91232298
0.48927126
0.52058322
0.97674758
0.11060841
0.05973784
0.34703577
0.18018450
0.62753136
0.48491230
0.93113112
0.46777499
0.12668297
0.16514184
0.77048763
0.53296815
0.92395057
0.45217535
0.98772277
0.76910605
0.23970469
0.30502583
0.06307624
0.60324986
0.41066966
0.57048121
0.70638980
0.99624401
0.07351636
0.46419417
0.39940390
0.05928124
0.88270878
0.20632386
0.35181598
0.74323041
0.80576251
0.44064054
0.30455662
0.72972331
0.68792485
0.81543322
0.48252784
0.78743121
0.47773992
0.90963501
0.41610294
0.41195201
0.34366370
0.81191453
0.57989923
0.14922588
0.31290834
0.72470726
0.31499636
0.40505696
0.49977928
0.22038736
0.23547729
0.03233640
0.20822822
0.74476693
0.83399389
0.14287691
0.47388341
0.80305178
0.65222192
0.02537971
0.57382756
0.68388523
0.66930566
0.15025281
0.00608095
0.44086497
0.84989152
0.03359404
0.32165040
0.54312378
0.44115401
0.64571084
0.41169695
0.76414929
0.49046484
0.46179576
0.49209174
0.35722800
0.83346867
0.26382895
0.30058761
0.41008250
0.15293687
0.08709503
0.61300422
0.45465115
0.85572685
0.78675952
0.96067549
0.05794004
0.73606499
0.27301531
0.29077161
0.45993874
0.43062179
0.42174103
0.58610278
0.40772795
0.06901972
0.91677975
0.69024421
0.60379893
0.90042641
0.45318509
0.38376713
0.82654023
0.05999267
0.79959535
0.61117801
0.26137714
0.15590131
0.89537157
0.10583880
0.20031135
0.00396940
0.82110685
0.59077509
0.77557227
0.90397892
0.74195975
0.63033700
0.13166455
0.62273292
0.40479322
0.92023617
0.54000791
0.86725262
0.32637223
0.24279740
0.82204163
0.77602094
0.06178355
0.43107308
0.82362923
0.55071862
0.57357229
0.82733403
0.79167150
0.71774389
0.96502251
0.46111688
0.00449437
0.22873196
0.26792648
0.70726734
0.28961232
0.68871867
0.08278543
0.00211561
0.63636076
0.30736476
0.80496943
0.70795487
0.21477103
0.81913351
0.51943270
0.96117522
0.64159861
0.58635734
0.98446333
0.64059436
0.03513205
0.91982720
0.57023772
0.54043590
0.40298660
0.28704934
0.76786051
0.06283936
0.90114824
0.03461859
0.01470816
0.25904491
0.97605322
0.79060368
0.26859845
0.44137855
0.19202231
0.85623573
0.13212873
0.14949089
0.48952812
0.06692319
0.28263248
0.99262505
0.33009201
0.32713125
0.26160883
0.70135809
0.34133395
0.97394143
0.40840968
0.04073589
0.74579374
0.51594306
0.92885544
0.93898843
0.63568899
0.54440515
0.70749177
0.86818084
0.00820010
0.96675235
0.35645614
0.66212466
0.13463100
0.86419157
0.61911160
0.13259278
0.80858108
0.68350862
0.38533775
0.89486288
0.95169653
0.87860537
0.44727689
0.49797338
0.60357331
0.44884166
0.77473898
0.50175417
0.53250410
0.01639010
0.62661924
0.56005813
0.41276572
0.19097183
0.97843187
0.19182784
0.65596677
0.25070704
0.71700946
0.54621152
0.09360740
0.56613811
0.79704470
0.25881309
0.42864313
0.46953938
0.65061425
0.16876584
0.22756710
0.71841586
0.19914064
0.05089702
0.41545229
0.05634214
0.38417789
0.41684378
0.08463456
0.21104802
0.36745108
0.38649684
0.12849317
0.53390822
0.54519425
0.27494622
0.35041058
0.27043107
0.17739663
0.25045258
0.79423315
0.91470162
0.52438736
0.40007587
0.79242471
0.60530689
0.37372194
0.43339167
0.59588564
0.07030180
0.18462024
0.79589173
0.94505398
0.82177766
0.32343096
0.74035172
0.54722165
0.53545082
0.52957803
0.99240086
0.75350910
0.88245228
0.62775719
0.90732048
0.35949902
0.58417321
0.48297645
0.12962663
0.66368037
0.60683110
0.78043515
0.39372832
0.88902228
0.93322391
0.66393493
0.05951461
0.45941366
0.52549891
0.72016748
0.89670244
0.77026332
0.10970355
0.37058622
0.56856886
0.65261018
0.81075548
0.31843668
0.36425766
0.23204592
0.55231043
0.46258861
0.71888633
0.12693959
0.74273191
0.46643200
0.41499139
0.71585212
0.47131794
0.56254959
0.84298630
0.08642330
0.34809199
0.06018562
0.68917015
0.99040696
0.82472964
0.81805561
0.89014179
0.76435417
0.00512941
0.09285506
0.92262834
0.67954214
0.82631616
0.60642600
0.49568157
0.49307731
0.09819883
0.17383840
0.53880763
0.03200632
0.09382665
0.08615882
0.80263708
0.73924112
0.32081685
0.64943485
0.84486309
0.74103248
0.94057490
0.90988399
0.08731910
0.03333722
0.77421187
0.22406887
0.57279980
0.99425301
0.38301761
0.68467810
0.43223262
0.36515239
0.41777201
0.26658416
0.99752538
0.84034167
0.05409589
0.05180044
0.23363227
0.77817707
0.91956501
0.02194266
0.21894425
0.52109293
0.07308980
0.81242418
0.48752432
0.95935774
0.13913516
0.08119653
0.36372882
0.82759851
0.37036004
0.02308151
0.08312695
0.17873872
0.04026814
0.33725672
0.34275849
0.61837615
0.36399330
0.68362888
0.24686505
0.57861786
0.88969401
0.16831335
0.82415700
0.39162869
0.25583643
0.62610959
0.40585102
0.72657577
0.26329195
0.34066219
0.23689937
0.07620042
0.37915352
0.53927681
0.63616127
0.19702574
0.68724250
0.14435389
0.75192318
0.84139995
0.36055742
0.76599358
0.69919900
0.65672030
0.77659192
0.71483506
0.45574949
0.15790012
0.30707611
0.69844499
0.83108341
0.65313509
0.15319119
0.50852667
0.18254680
0.58655533
0.50334129
0.75782179
0.59848866
0.11714135
0.59052074
0.32395879
0.33297078
0.37398403
0.97887900
0.16743928
0.95195326
0.45522058
0.75326575
0.61412567
0.75503279
0.47483445
0.66621510
0.57560964
0.63697334
0.07508124
0.74669736
0.64593658
0.98831042
0.44448774
0.62407513
0.17947655
0.46313767
0.21745412
0.77526681
0.40931442
0.35928234
0.46763195
0.05134962
0.51124899
0.86632809
0.06979209
0.78114937
0.09406011
0.50945382
0.49681310
0.37284195
0.03874387
0.67640433
0.70533247
0.68209263
0.85759136
0.99958100
0.03550887
0.13493589
0.32263692
0.47056428
0.96525385
0.88450339
0.70093070
0.84671525
0.12250947
0.74375824
0.15228759
0.63827590
0.24395670
0.09179713
0.74080046
0.39325843
0.35437889
0.95347515
0.32523885
0.80217302
0.33405748
0.50602440
0.83504883
0.45715066
0.68766028
0.26814525
0.78833453
0.17128649
0.13096967
0.88947101
0.02487000
0.47797385
0.48719448
0.84696983
0.54385127
0.04761192
0.76831294
0.97137636
0.20743535
0.48181712
0.68183566
0.31222597
0.30350025
0.91936315
0.47365160
0.35134679
0.08079143
0.89140613
0.78583237
0.64249537
0.77953744
0.20848314
0.16717686
0.40561131
0.77685435
0.13516997
0.77730207
0.78955637
0.08335266
0.72517036
0.71914247
0.70352252
0.04866162
0.58258722
0.19517443
0.73504044
0.07983515
0.51237385
0.98656345
0.00423361
0.27467530
0.14617457
0.14367095
0.73683513
0.71326605
0.80281987
0.19770944
0.70376515
0.44009621
0.95643673
0.62594724
0.29172792
0.07286573
0.35788118
0.80702019
0.09307945
0.47003645
0.12354672
0.19441303
0.75373361
0.45918974
0.07376153
0.03922071
0.03030702
0.62069569
0.09173594
0.19541769
0.51032136
0.54815548
0.84581051
0.30774691
0.46576096
0.68673267
0.79806913
0.07748154
0.64406411
0.94144226
0.78770312
0.02566685
0.53565508
0.98164936
0.62476525
0.31709477
0.09151214
0.64996274
0.19120508
0.43016930
0.51289524
0.27198850
0.10895190
0.73786016
0.90254003
0.01903479
0.73310771
0.85549530
0.36346458
0.28015799
0.92421445
0.90485874
0.30685219
0.15100643
0.40074700
0.27147898
0.48824466
0.53624370
0.25932662
0.51955677
0.67029420
0.83218727
0.52531606
0.21873621
0.01377421
0.07721733
0.18952102
0.26301426
0.17154793
0.36462462
0.50892981
0.59211771
0.55019074
0.47826387
0.00158623
0.72336422
0.10524283
0.97933160
0.75939080
0.12538006
0.02755406
0.42811822
0.56459963
0.45760315
0.34644524
0.59007213
0.72785693
0.52573106
0.17275933
0.34315405
0.15386224
0.28075573
0.33482675
0.98959179
0.70398931
0.89378673
0.27563016
0.25955855
0.06794344
0.10081276
0.21591570
0.86598293
0.23667247
0.43504222
0.00362125
0.10850406
0.32956346
0.20567323
0.46624617
0.08941386
0.83885881
0.91163142
0.40048300
0.81681373
0.80729873
0.41814026
0.10023743
0.55627665
0.77832407
0.77398545
0.67665876
0.12874954
0.11247471
0.22569863
0.64133607
0.00974383
0.30596072
0.25661492
0.32501946
0.87524809
0.98881918
0.59942344
0.29847327
0.36899868
0.85887248
0.22689606
0.44572903
0.28892081
0.40029958
0.37001476
0.15875049
0.74170329
0.20789826
0.57767484
0.48887760
0.23600131
0.87886147
0.90194207
0.80147683
0.47191991
0.16084827
0.80170838
0.92447947
0.60735899
0.18531391
0.71631981
0.56278090
0.26429575
0.64174541
0.73170421
0.33060077
0.73054492
0.56767409
0.75013223
0.97727255
0.95671030
0.86281059
0.16924718
0.51342319
0.67619584
0.78246454
0.81007345
0.29009991
0.03664733
0.06152896
0.97753715
0.37719575
0.43248920
0.78563986
0.84627724
0.65018666
0.64294058
0.86049128
0.37892746
0.11882176
0.06466366
0.81341926
0.95369031
0.18600333
0.67441273
0.76678740
0.46508616
0.82450139
0.67851473
0.50825805
0.32184318
0.96809551
0.06668270
0.20516453
0.62453907
0.77063075
0.64544570
0.26635055
0.41883488
0.39633337
0.93587134
0.33802560
0.19004599
0.67161211
0.96974644
0.18305346
0.18368678
0.60223056
0.22152532
0.35671824
0.24176130
0.56301251
0.24792202
0.77227851
0.16638279
0.63341444
0.74151197
0.28869447
0.94578705
0.92553632
0.79271929
0.89908361
0.24342893
0.99698103
0.42991284
0.09045481
0.96862334
0.97522333
0.90305260
0.92342119
0.40635964
0.65828151
0.93852438
0.28916370
0.34750363
0.77579786
0.44943574
0.06115199
0.26198924
0.47849792
0.57816919
0.04481309
0.97163822
0.63085046
0.78538363
0.29981529
0.07867582
0.27679020
0.52934621
0.41566339
0.44804786
0.01422294
0.98240099
0.88744629
0.19068106
0.52596577
0.31602138
0.21151112
0.71355274
0.69278966
0.32569050
0.14796569
0.52415605
0.94553082
0.47086926
0.47157464
0.01718414
0.39690066
0.95440194
0.01108729
0.01565329
0.86213957
0.93216885
0.97027421
0.77500474
0.98702654
0.91283168
0.58585762
0.33958698
0.53724285
0.69189386
0.01153877
0.92474323
0.05906587
0.61386110
0.33271443
0.79627198
0.28420135
0.78346568
0.65809863
0.49952505
0.67209432
0.55515327
0.91423482
0.43170753
0.70996869
0.72401083
0.21768603
0.32060166
0.85398002
0.72542694
0.17377720
0.02460802
0.93056389
0.80832649
0.22899593
0.81621966
0.02871335
0.65784368
0.92001047
0.11854390
0.42314146
0.69435647
0.39816164
0.84803555
0.66578814
0.11317222
0.26990229
0.77276610
0.57700287
0.72201940
0.27891179
0.54493040
0.82043372
0.92142074
0.65415200
0.46343696
0.29474076
0.65445737
0.97265935
0.67768664
0.44290146
0.83425575
0.69126160
0.79307313
0.18690043
0.98904560
0.05112848
0.99313386
0.73527214
0.50032059
0.19330344
0.12016427
0.35497138
0.30164476
0.28790163
0.21848010
0.59331733
0.63113743
0.82336490
0.09617548
0.12700040
0.19336417
0.56788493
0.73766482
0.60870257
0.39505105
0.16558968
0.17780394
0.35881453
0.62128593
0.86936775
0.94295744
0.43958358
0.11088824
0.45150430
0.22329999
0.74964081
0.33643860
0.48029238
0.21451454
0.27282202
0.21361075
0.07916151
0.99984534
0.61502135
0.56588099
0.69073753
0.13960202
0.98613607
0.55747281
0.62637142
0.95118402
0.03256831
0.62956811
0.05077651
0.21797027
0.49745986
0.44619595
0.63007478
0.71023305
0.17672491
0.52314750
0.68894259
0.50519543
0.69867117
0.25251676
0.08357854
0.77142241
0.85114851
0.14774958
0.98022680
0.57792907
0.91116362
0.55560588
0.01051958
0.73900981
0.77447679
0.07848978
0.22663185
0.90036569
0.98291099
0.51645575
0.02129139
0.13980621
0.81726253
0.14869710
0.72120480
0.41476008
0.13731411
0.79295266
0.44652212
0.54699520
0.11508750
0.21003484
0.11037460
0.60619994
0.91604502
0.79853700
0.98217719
0.46598434
0.50986876
0.39419226
0.04365281
0.23944271
0.85332094
0.63457445
0.46928292
0.19890917
0.59915971
0.84395883
0.92236386
0.22490554
0.38232133
0.47440755
0.14524742
0.45831067
0.46087400
0.24867994
0.63546496
0.12199708
0.02845129
0.23457911
0.35088285
0.98468955
0.21717715
0.72913844
0.03597560
0.78981083
0.50469258
0.04666858
0.35287104
0.93676940
0.02778048
0.97650470
0.13621728
0.59144610
0.01359088
0.61095418
0.83808215
0.58495515
0.02922700
0.25320935
0.21945306
0.42914551
0.75436201
0.73632184
0.81837876
0.96934086
0.59355082
0.21080262
0.37742149
0.97977527
0.48158328
0.23013079
0.99109946
0.68747381
0.68971930
0.44593349
0.20766481
0.02941027
0.81032837
0.86778146
0.73130817
0.92791970
0.63265684
0.42148489
0.00951797
0.85239224
0.95274729
0.69323732
0.73380003
0.96207865
0.95964868
0.37209220
0.45782743
0.80013581
0.14587859
0.34412652
0.86469055
0.15357192
0.23047877
0.20425908
0.42427091
0.26070541
0.88318560
0.61809194
0.43905437
0.02987337
0.15544966
0.05293561
0.78399070
0.25297575
0.67301956
0.87321102
0.13796471
0.90511357
0.85511473
0.58201412
0.51896877
0.11996020
0.46710322
0.89695917
0.31754946
0.68071288
0.73661452
0.79015596
0.67372109
0.63803020
0.26044855
0.46285071
0.17355340
0.57094812
0.36108138
0.17434727
0.38020954
0.85782315
0.41994640
0.73147016
0.75304135
0.03641170
0.44969840
0.60844003
0.94248970
0.59452337
0.81166022
